<?xml version="1.0"?>
<opencv_storage>
<points>
  <_><corners>
      <_><pixel><x>597</x>
          <y>563</y></pixel>
        <transform><X>5.4999728202819824e+00</X>
          <Y>3.0050867795944214e-01</Y>
          <Z>5.5000007152557373e-01</Z></transform></_>
      <_><pixel><x>625</x>
          <y>563</y></pixel>
        <transform><X>5.4999914169311523e+00</X>
          <Y>1.0050865262746811e-01</Y>
          <Z>5.5000007152557373e-01</Z></transform></_>
      <_><pixel><x>653</x>
          <y>563</y></pixel>
        <transform><X>5.5000104904174805e+00</X>
          <Y>-9.9491342902183533e-02</Y>
          <Z>5.5000001192092896e-01</Z></transform></_>
      <_><pixel><x>681</x>
          <y>563</y></pixel>
        <transform><X>5.5000295639038086e+00</X>
          <Y>-2.9949134588241577e-01</Y>
          <Z>5.4999995231628418e-01</Z></transform></_>
      <_><pixel><x>597</x>
          <y>590</y></pixel>
        <transform><X>5.4999728202819824e+00</X>
          <Y>3.0050870776176453e-01</Y>
          <Z>3.5000008344650269e-01</Z></transform></_>
      <_><pixel><x>625</x>
          <y>590</y></pixel>
        <transform><X>5.4999914169311523e+00</X>
          <Y>1.0050870478153229e-01</Y>
          <Z>3.5000002384185791e-01</Z></transform></_>
      <_><pixel><x>653</x>
          <y>590</y></pixel>
        <transform><X>5.5000104904174805e+00</X>
          <Y>-9.9491290748119354e-02</Y>
          <Z>3.4999999403953552e-01</Z></transform></_>
      <_><pixel><x>681</x>
          <y>590</y></pixel>
        <transform><X>5.5000295639038086e+00</X>
          <Y>-2.9949131608009338e-01</Y>
          <Z>3.4999993443489075e-01</Z></transform></_>
      <_><pixel><x>597</x>
          <y>618</y></pixel>
        <transform><X>5.4999728202819824e+00</X>
          <Y>3.0050876736640930e-01</Y>
          <Z>1.5000008046627045e-01</Z></transform></_>
      <_><pixel><x>625</x>
          <y>618</y></pixel>
        <transform><X>5.4999914169311523e+00</X>
          <Y>1.0050876438617706e-01</Y>
          <Z>1.5000003576278687e-01</Z></transform></_>
      <_><pixel><x>653</x>
          <y>618</y></pixel>
        <transform><X>5.5000104904174805e+00</X>
          <Y>-9.9491238594055176e-02</Y>
          <Z>1.4999997615814209e-01</Z></transform></_>
      <_><pixel><x>681</x>
          <y>618</y></pixel>
        <transform><X>5.5000295639038086e+00</X>
          <Y>-2.9949125647544861e-01</Y>
          <Z>1.4999993145465851e-01</Z></transform></_>
      <_><pixel><x>597</x>
          <y>646</y></pixel>
        <transform><X>5.4999728202819824e+00</X>
          <Y>3.0050882697105408e-01</Y>
          <Z>-4.9999922513961792e-02</Z></transform></_>
      <_><pixel><x>625</x>
          <y>646</y></pixel>
        <transform><X>5.4999914169311523e+00</X>
          <Y>1.0050881654024124e-01</Y>
          <Z>-4.9999978393316269e-02</Z></transform></_>
      <_><pixel><x>653</x>
          <y>646</y></pixel>
        <transform><X>5.5000104904174805e+00</X>
          <Y>-9.9491186439990997e-02</Y>
          <Z>-5.0000030547380447e-02</Z></transform></_>
      <_><pixel><x>681</x>
          <y>646</y></pixel>
        <transform><X>5.5000295639038086e+00</X>
          <Y>-2.9949119687080383e-01</Y>
          <Z>-5.0000082701444626e-02</Z></transform></_></corners></_>
  <_><corners>
      <_><pixel><x>597</x>
          <y>563</y></pixel>
        <transform><X>5.4999728202819824e+00</X>
          <Y>3.0050867795944214e-01</Y>
          <Z>5.5000007152557373e-01</Z></transform></_>
      <_><pixel><x>625</x>
          <y>563</y></pixel>
        <transform><X>5.4999914169311523e+00</X>
          <Y>1.0050865262746811e-01</Y>
          <Z>5.5000007152557373e-01</Z></transform></_>
      <_><pixel><x>653</x>
          <y>563</y></pixel>
        <transform><X>5.5000104904174805e+00</X>
          <Y>-9.9491342902183533e-02</Y>
          <Z>5.5000001192092896e-01</Z></transform></_>
      <_><pixel><x>681</x>
          <y>563</y></pixel>
        <transform><X>5.5000295639038086e+00</X>
          <Y>-2.9949134588241577e-01</Y>
          <Z>5.4999995231628418e-01</Z></transform></_>
      <_><pixel><x>597</x>
          <y>590</y></pixel>
        <transform><X>5.4999728202819824e+00</X>
          <Y>3.0050870776176453e-01</Y>
          <Z>3.5000008344650269e-01</Z></transform></_>
      <_><pixel><x>625</x>
          <y>590</y></pixel>
        <transform><X>5.4999914169311523e+00</X>
          <Y>1.0050870478153229e-01</Y>
          <Z>3.5000002384185791e-01</Z></transform></_>
      <_><pixel><x>653</x>
          <y>590</y></pixel>
        <transform><X>5.5000104904174805e+00</X>
          <Y>-9.9491290748119354e-02</Y>
          <Z>3.4999999403953552e-01</Z></transform></_>
      <_><pixel><x>681</x>
          <y>590</y></pixel>
        <transform><X>5.5000295639038086e+00</X>
          <Y>-2.9949131608009338e-01</Y>
          <Z>3.4999993443489075e-01</Z></transform></_>
      <_><pixel><x>597</x>
          <y>618</y></pixel>
        <transform><X>5.4999728202819824e+00</X>
          <Y>3.0050876736640930e-01</Y>
          <Z>1.5000008046627045e-01</Z></transform></_>
      <_><pixel><x>625</x>
          <y>618</y></pixel>
        <transform><X>5.4999914169311523e+00</X>
          <Y>1.0050876438617706e-01</Y>
          <Z>1.5000003576278687e-01</Z></transform></_>
      <_><pixel><x>653</x>
          <y>618</y></pixel>
        <transform><X>5.5000104904174805e+00</X>
          <Y>-9.9491238594055176e-02</Y>
          <Z>1.4999997615814209e-01</Z></transform></_>
      <_><pixel><x>681</x>
          <y>618</y></pixel>
        <transform><X>5.5000295639038086e+00</X>
          <Y>-2.9949125647544861e-01</Y>
          <Z>1.4999993145465851e-01</Z></transform></_>
      <_><pixel><x>597</x>
          <y>646</y></pixel>
        <transform><X>5.4999728202819824e+00</X>
          <Y>3.0050882697105408e-01</Y>
          <Z>-4.9999922513961792e-02</Z></transform></_>
      <_><pixel><x>625</x>
          <y>646</y></pixel>
        <transform><X>5.4999914169311523e+00</X>
          <Y>1.0050881654024124e-01</Y>
          <Z>-4.9999978393316269e-02</Z></transform></_>
      <_><pixel><x>653</x>
          <y>646</y></pixel>
        <transform><X>5.5000104904174805e+00</X>
          <Y>-9.9491186439990997e-02</Y>
          <Z>-5.0000030547380447e-02</Z></transform></_>
      <_><pixel><x>681</x>
          <y>646</y></pixel>
        <transform><X>5.5000295639038086e+00</X>
          <Y>-2.9949119687080383e-01</Y>
          <Z>-5.0000082701444626e-02</Z></transform></_></corners></_>
  <_><corners>
      <_><pixel><x>597</x>
          <y>563</y></pixel>
        <transform><X>5.4999728202819824e+00</X>
          <Y>3.0050867795944214e-01</Y>
          <Z>5.5000007152557373e-01</Z></transform></_>
      <_><pixel><x>625</x>
          <y>563</y></pixel>
        <transform><X>5.4999914169311523e+00</X>
          <Y>1.0050865262746811e-01</Y>
          <Z>5.5000007152557373e-01</Z></transform></_>
      <_><pixel><x>653</x>
          <y>563</y></pixel>
        <transform><X>5.5000104904174805e+00</X>
          <Y>-9.9491342902183533e-02</Y>
          <Z>5.5000001192092896e-01</Z></transform></_>
      <_><pixel><x>681</x>
          <y>563</y></pixel>
        <transform><X>5.5000295639038086e+00</X>
          <Y>-2.9949134588241577e-01</Y>
          <Z>5.4999995231628418e-01</Z></transform></_>
      <_><pixel><x>597</x>
          <y>590</y></pixel>
        <transform><X>5.4999728202819824e+00</X>
          <Y>3.0050870776176453e-01</Y>
          <Z>3.5000008344650269e-01</Z></transform></_>
      <_><pixel><x>625</x>
          <y>590</y></pixel>
        <transform><X>5.4999914169311523e+00</X>
          <Y>1.0050870478153229e-01</Y>
          <Z>3.5000002384185791e-01</Z></transform></_>
      <_><pixel><x>653</x>
          <y>590</y></pixel>
        <transform><X>5.5000104904174805e+00</X>
          <Y>-9.9491290748119354e-02</Y>
          <Z>3.4999999403953552e-01</Z></transform></_>
